FuckingSwordInstance = {
	ID = 0;
	Type = "Model";
	Properties = {
		Name = "Sword";
	};
	Children = {
		{
			ID = 1;
			Type = "Part";
			Properties = {
				Color = Color3.new(1/15,1/15,1/15);
				CFrame = CFrame.new(-34.2880744934082,10.021158218383789,-4.610465049743652,0.000009209746167471167,-0.9316277503967285,0.3633884787559509,-0.9999990463256836,-0.0000017947944570551044,0.000020064042473677546,-0.000018245251339976676,-0.36339133977890015,-0.9316312670707703);
				RightSurface = Enum.SurfaceType.SmoothNoOutlines;
				Locked = true;
				Material = Enum.Material.SmoothPlastic;
				Size = Vector3.new(0.20000000298023224,0.30000001192092896,0.20000000298023224);
				FormFactor = Enum.FormFactor.Custom;
				BackSurface = Enum.SurfaceType.SmoothNoOutlines;
				BottomSurface = Enum.SurfaceType.SmoothNoOutlines;
				CanCollide = false;
				LeftSurface = Enum.SurfaceType.SmoothNoOutlines;
				Rotation = Vector3.new(-179.99899291992188,21.308000564575195,89.9990005493164);
				BrickColor = BrickColor.new(1/15,1/15,1/15);
				Name = "outer main blade wedge";
				Position = Vector3.new(-34.2880744934082,10.021158218383789,-4.610465049743652);
				Orientation = Vector3.new(-0.0010000000474974513,158.6909942626953,-90);
				FrontSurface = Enum.SurfaceType.SmoothNoOutlines;
				brickColor = BrickColor.new(1/15,1/15,1/15);
				TopSurface = Enum.SurfaceType.SmoothNoOutlines;
			};
			Children = {
				{
					ID = 2;
					Type = "SpecialMesh";
					Properties = {
						Scale = Vector3.new(0.14000000059604645,0.3499999940395355,0.1599999964237213);
						MeshId = "http://www.roblox.com/asset/?id=9756362";
						MeshType = Enum.MeshType.FileMesh;
					};
					Children = {};
				};
				{
					ID = 3;
					Type = "WeldConstraint";
					Properties = {
						Part0 = "_R:1_";
						Part1 = "_R:58_";
					};
					Children = {};
				};
			};
		};
		{
			ID = 4;
			Type = "UnionOperation";
			Properties = {
				CanCollide = false;
				Color = Color3.new(39/85,0,0);
				UsePartColor = true;
				CFrame = CFrame.new(-34.733314514160156,9.999993324279785,-7.176548957824707,-0.9659167528152466,-0.2588162422180176,3.5344584148333524e-08,2.771714093796618e-07,-2.515284052151401e-07,-0.9999991655349731,0.258816123008728,-0.9659212231636047,1.3733898640566622e-07);
				BrickColor = BrickColor.new(39/85,0,0);
				Rotation = Vector3.new(90,0,165);
				Transparency = 1;
				brickColor = BrickColor.new(39/85,0,0);
				Position = Vector3.new(-34.733314514160156,9.999993324279785,-7.176548957824707);
				Orientation = Vector3.new(89.9260025024414,14.432000160217285,132.22300720214844);
				Material = Enum.Material.Metal;
				Name = "PART1";
				Size = Vector3.new(0.053991056978702545,0.1824381798505783,0.05000000074505806);
			};
			Children = {
				{
					ID = 5;
					Type = "WeldConstraint";
					Properties = {
						Part0 = "_R:4_";
						Part1 = "_R:58_";
					};
					Children = {};
				};
			};
		};
		{
			ID = 6;
			Type = "UnionOperation";
			Properties = {
				CanCollide = false;
				Color = Color3.new(39/85,0,0);
				UsePartColor = true;
				CFrame = CFrame.new(-32.89580535888672,9.999987602233887,-0.3188056945800781,-0.9659167528152466,-0.2588162422180176,3.5344584148333524e-08,2.771714093796618e-07,-2.515284052151401e-07,-0.9999991655349731,0.258816123008728,-0.9659212231636047,1.3733898640566622e-07);
				BrickColor = BrickColor.new(39/85,0,0);
				Rotation = Vector3.new(90,0,165);
				Transparency = 1;
				brickColor = BrickColor.new(39/85,0,0);
				Position = Vector3.new(-32.89580535888672,9.999987602233887,-0.3188056945800781);
				Orientation = Vector3.new(89.9260025024414,14.432000160217285,132.22300720214844);
				Material = Enum.Material.Metal;
				Name = "PART2";
				Size = Vector3.new(0.053991056978702545,0.1824381798505783,0.05000000074505806);
			};
			Children = {
				{
					ID = 7;
					Type = "WeldConstraint";
					Properties = {
						Part0 = "_R:6_";
						Part1 = "_R:58_";
					};
					Children = {};
				};
			};
		};
		{
			ID = 8;
			Type = "UnionOperation";
			Properties = {
				CanCollide = false;
				Color = Color3.new(39/85,0,0);
				UsePartColor = true;
				CFrame = CFrame.new(-34.14285659790039,10.021178245544434,-4.989371299743652,0.25881609320640564,-0.00000843569705466507,-0.965916633605957,6.811437458509317e-08,0.9999985694885254,-0.000008484704267175402,0.9659207463264465,0.000002365115960856201,0.25881609320640564);
				Rotation = Vector3.new(0.0020000000949949026,-74.99800109863281,0.0020000000949949026);
				BrickColor = BrickColor.new(39/85,0,0);
				brickColor = BrickColor.new(39/85,0,0);
				Position = Vector3.new(-34.14285659790039,10.021178245544434,-4.989371299743652);
				Orientation = Vector3.new(0,-75,0);
				Material = Enum.Material.Metal;
				Name = "RED";
				Size = Vector3.new(0.14565938711166382,0.17500774562358856,1.729067325592041);
			};
			Children = {
				{
					ID = 9;
					Type = "WeldConstraint";
					Properties = {
						Part0 = "_R:8_";
						Part1 = "_R:58_";
					};
					Children = {};
				};
			};
		};
		{
			ID = 10;
			Type = "UnionOperation";
			Properties = {
				CanCollide = false;
				Color = Color3.new(39/85,0,0);
				UsePartColor = true;
				CFrame = CFrame.new(-34.28987503051758,9.93927001953125,-5.581162452697754,0.6573643684387207,0.4999478757381439,0.5638295412063599,-0.2938269078731537,-0.5189454555511475,0.8027192950248718,0.6939196586608887,-0.6933514475822449,-0.1942386031150818);
				Rotation = Vector3.new(-103.60299682617188,34.32099914550781,-37.25400161743164);
				BrickColor = BrickColor.new(39/85,0,0);
				brickColor = BrickColor.new(39/85,0,0);
				Position = Vector3.new(-34.28987503051758,9.93927001953125,-5.581162452697754);
				Orientation = Vector3.new(-53.39099884033203,109.00900268554688,-150.4810028076172);
				Material = Enum.Material.Wood;
				Name = "RED";
				Size = Vector3.new(0.9523897767066956,0.821678102016449,0.9072744846343994);
			};
			Children = {
				{
					ID = 11;
					Type = "WeldConstraint";
					Properties = {
						Part0 = "_R:10_";
						Part1 = "_R:58_";
					};
					Children = {};
				};
			};
		};
		{
			ID = 12;
			Type = "UnionOperation";
			Properties = {
				CanCollide = false;
				Color = Color3.new(39/85,0,0);
				UsePartColor = true;
				CFrame = CFrame.new(-34.36882781982422,9.854072570800781,-5.736929416656494,-0.9500101804733276,0.22623075544834137,0.21514835953712463,-0.2953616976737976,-0.42800405621528625,-0.8541504740715027,-0.10115186870098114,-0.8750008940696716,0.47342973947525024);
				Rotation = Vector3.new(61.00199890136719,12.423999786376953,-166.60499572753906);
				BrickColor = BrickColor.new(39/85,0,0);
				brickColor = BrickColor.new(39/85,0,0);
				Position = Vector3.new(-34.36882781982422,9.854072570800781,-5.736929416656494);
				Orientation = Vector3.new(58.66600036621094,24.43899917602539,-145.39100646972656);
				Material = Enum.Material.Wood;
				Name = "RED";
				Size = Vector3.new(0.5890360474586487,0.5919809937477112,0.46839502453804016);
			};
			Children = {
				{
					ID = 13;
					Type = "WeldConstraint";
					Properties = {
						Part0 = "_R:12_";
						Part1 = "_R:58_";
					};
					Children = {};
				};
			};
		};
		{
			ID = 14;
			Type = "UnionOperation";
			Properties = {
				CanCollide = false;
				Color = Color3.new(39/85,0,0);
				UsePartColor = true;
				CFrame = CFrame.new(-33.52267074584961,10.021093368530273,-3.2821123600006104,-0.000012212427463964559,0.9835328459739685,0.1806977391242981,-0.9999995231628418,-0.000005303129455569433,-0.000039466067391913384,-0.000037976944440742955,-0.18069741129875183,0.9835357069969177);
				Rotation = Vector3.new(0.0020000000949949026,10.40999984741211,-90.0009994506836);
				BrickColor = BrickColor.new(39/85,0,0);
				brickColor = BrickColor.new(39/85,0,0);
				Position = Vector3.new(-33.52267074584961,10.021093368530273,-3.2821123600006104);
				Orientation = Vector3.new(0.0020000000949949026,10.40999984741211,-90);
				Material = Enum.Material.SmoothPlastic;
				Name = "RED";
				Size = Vector3.new(0.19251206517219543,0.45236241817474365,3.67093563079834);
			};
			Children = {
				{
					ID = 15;
					Type = "WeldConstraint";
					Properties = {
						Part0 = "_R:14_";
						Part1 = "_R:58_";
					};
					Children = {};
				};
			};
		};
		{
			ID = 16;
			Type = "UnionOperation";
			Properties = {
				CanCollide = false;
				Color = Color3.new(39/85,0,0);
				UsePartColor = true;
				CFrame = CFrame.new(-33.974525451660156,10.02088737487793,-4.329227447509766,-0.9659162759780884,-0.2588171362876892,2.735603743531101e-08,2.717430334087112e-07,-3.4385831781946763e-07,-0.9999991655349731,0.2588169574737549,-0.9659209847450256,2.0362584507438442e-07);
				Rotation = Vector3.new(90,0,165);
				BrickColor = BrickColor.new(39/85,0,0);
				brickColor = BrickColor.new(39/85,0,0);
				Position = Vector3.new(-33.974525451660156,10.02088737487793,-4.329227447509766);
				Orientation = Vector3.new(89.9260025024414,7.6519999504089355,141.6820068359375);
				Material = Enum.Material.Metal;
				Name = "RED";
				Size = Vector3.new(0.45900022983551025,0.829987645149231,0.19021397829055786);
			};
			Children = {
				{
					ID = 17;
					Type = "WeldConstraint";
					Properties = {
						Part0 = "_R:16_";
						Part1 = "_R:58_";
					};
					Children = {};
				};
			};
		};
		{
			ID = 18;
			Type = "UnionOperation";
			Properties = {
				CanCollide = false;
				Color = Color3.new(39/85,0,0);
				UsePartColor = true;
				CFrame = CFrame.new(-34.21927261352539,9.898798942565918,-5.266949653625488,0.6852914094924927,-0.5450773239135742,-0.4829564094543457,0.4829614758491516,0.8365166187286377,-0.2588159739971161,0.5450800657272339,-0.05588586628437042,0.8365132808685303);
				Rotation = Vector3.new(17.191999435424805,-28.878999710083008,38.499000549316406);
				BrickColor = BrickColor.new(39/85,0,0);
				brickColor = BrickColor.new(39/85,0,0);
				Position = Vector3.new(-34.21927261352539,9.898798942565918,-5.266949653625488);
				Orientation = Vector3.new(15,-30,30);
				Material = Enum.Material.Metal;
				Name = "RED";
				Size = Vector3.new(0.7730454206466675,0.4909447431564331,0.7379218339920044);
			};
			Children = {
				{
					ID = 19;
					Type = "WeldConstraint";
					Properties = {
						Part0 = "_R:18_";
						Part1 = "_R:58_";
					};
					Children = {};
				};
			};
		};
		{
			ID = 20;
			Type = "UnionOperation";
			Properties = {
				CanCollide = false;
				Color = Color3.new(39/85,0,0);
				UsePartColor = true;
				CFrame = CFrame.new(-33.683326721191406,10.020943641662598,-3.242565631866455,-0.9659162759780884,-0.2588171362876892,2.3346942157331796e-08,2.717430334087112e-07,-3.283691683009238e-07,-0.9999991655349731,0.2588169574737549,-0.9659209847450256,1.8866415985030471e-07);
				Rotation = Vector3.new(90,0,165);
				BrickColor = BrickColor.new(39/85,0,0);
				brickColor = BrickColor.new(39/85,0,0);
				Position = Vector3.new(-33.683326721191406,10.020943641662598,-3.242565631866455);
				Orientation = Vector3.new(89.9260025024414,7.053999900817871,140.38999938964844);
				Material = Enum.Material.Metal;
				Name = "RED";
				Size = Vector3.new(0.35100021958351135,3.4599013328552246,0.20012745261192322);
			};
			Children = {
				{
					ID = 21;
					Type = "WeldConstraint";
					Properties = {
						Part0 = "_R:20_";
						Part1 = "_R:58_";
					};
					Children = {};
				};
			};
		};
		{
			ID = 22;
			Type = "UnionOperation";
			Properties = {
				CanCollide = false;
				Color = Color3.new(39/85,0,0);
				UsePartColor = true;
				CFrame = CFrame.new(-33.836036682128906,10.020943641662598,-3.8123903274536133,-0.9659162759780884,-0.2588171362876892,2.8330219947747537e-08,2.717430334087112e-07,-3.4762317113745667e-07,-0.9999991655349731,0.2588169574737549,-0.9659209847450256,2.0726197647036315e-07);
				Rotation = Vector3.new(90,0,165);
				BrickColor = BrickColor.new(39/85,0,0);
				brickColor = BrickColor.new(39/85,0,0);
				Position = Vector3.new(-33.836036682128906,10.020943641662598,-3.8123903274536133);
				Orientation = Vector3.new(89.9260025024414,7.7829999923706055,141.98500061035156);
				Material = Enum.Material.Metal;
				Name = "RED";
				Size = Vector3.new(0.5130000114440918,0.23999524116516113,0.19003936648368835);
			};
			Children = {
				{
					ID = 23;
					Type = "WeldConstraint";
					Properties = {
						Part0 = "_R:22_";
						Part1 = "_R:58_";
					};
					Children = {};
				};
			};
		};
		{
			ID = 24;
			Type = "UnionOperation";
			Properties = {
				CanCollide = false;
				Color = Color3.new(39/85,0,0);
				UsePartColor = true;
				CFrame = CFrame.new(-33.96155548095703,10.020912170410156,-4.280888557434082,-0.9659162759780884,-0.2588171362876892,2.735603743531101e-08,2.717430334087112e-07,-3.4385831781946763e-07,-0.9999991655349731,0.2588169574737549,-0.9659209847450256,2.0362584507438442e-07);
				Rotation = Vector3.new(90,0,165);
				BrickColor = BrickColor.new(39/85,0,0);
				brickColor = BrickColor.new(39/85,0,0);
				Position = Vector3.new(-33.96155548095703,10.020912170410156,-4.280888557434082);
				Orientation = Vector3.new(89.9260025024414,7.6519999504089355,141.6820068359375);
				Material = Enum.Material.Metal;
				Name = "RED";
				Size = Vector3.new(0.2160152792930603,0.7299250364303589,0.20004712045192719);
			};
			Children = {
				{
					ID = 25;
					Type = "WeldConstraint";
					Properties = {
						Part0 = "_R:24_";
						Part1 = "_R:58_";
					};
					Children = {};
				};
			};
		};
		{
			ID = 26;
			Type = "UnionOperation";
			Properties = {
				CanCollide = false;
				Color = Color3.new(39/85,0,0);
				UsePartColor = true;
				CFrame = CFrame.new(-33.618595123291016,10.021109580993652,-2.588258743286133,0.0000031955712529452285,-0.999998152256012,1.043081283569336e-07,0.9999998807907104,0.0000032557543363509467,-0.000006360602128552273,0.000006394691808964126,-1.1920928955078125e-07,0.9999989867210388);
				Rotation = Vector3.new(0,0,90);
				BrickColor = BrickColor.new(39/85,0,0);
				brickColor = BrickColor.new(39/85,0,0);
				Position = Vector3.new(-33.618595123291016,10.021109580993652,-2.588258743286133);
				Orientation = Vector3.new(0,0,90);
				Material = Enum.Material.SmoothPlastic;
				Name = "RED";
				Size = Vector3.new(0.19252759218215942,1.5329747200012207,4.740862846374512);
			};
			Children = {
				{
					ID = 27;
					Type = "WeldConstraint";
					Properties = {
						Part0 = "_R:26_";
						Part1 = "_R:58_";
					};
					Children = {};
				};
			};
		};
		{
			ID = 28;
			Type = "UnionOperation";
			Properties = {
				CanCollide = false;
				Color = Color3.new(39/85,0,0);
				UsePartColor = true;
				CFrame = CFrame.new(-33.722164154052734,10.020946502685547,-3.3874828815460205,0.9659200310707092,0.25881829857826233,0.000008625670488981996,0.000011016061762347817,-0.000008306122253998183,-0.9999995231628418,-0.25881820917129517,0.9659228920936584,-0.00001099314249586314);
				Rotation = Vector3.new(90.0009994506836,0,-15);
				BrickColor = BrickColor.new(39/85,0,0);
				brickColor = BrickColor.new(39/85,0,0);
				Position = Vector3.new(-33.722164154052734,10.020946502685547,-3.3874828815460205);
				Orientation = Vector3.new(89.94400024414062,141.88099670410156,127.01599884033203);
				Material = Enum.Material.Metal;
				Name = "RED";
				Size = Vector3.new(0.5130035877227783,0.6399962902069092,0.19011130928993225);
			};
			Children = {
				{
					ID = 29;
					Type = "WeldConstraint";
					Properties = {
						Part0 = "_R:28_";
						Part1 = "_R:58_";
					};
					Children = {};
				};
			};
		};
		{
			ID = 30;
			Type = "UnionOperation";
			Properties = {
				CanCollide = false;
				Color = Color3.new(39/85,0,0);
				UsePartColor = true;
				CFrame = CFrame.new(-34.207069396972656,10.13484001159668,-5.270208835601807,-0.3209403157234192,0.444108784198761,0.836512565612793,-0.4829632639884949,-0.8365168571472168,0.2588150203227997,0.8147011399269104,-0.3209414482116699,0.482962429523468);
				Rotation = Vector3.new(-28.18600082397461,56.77399826049805,-125.85399627685547);
				BrickColor = BrickColor.new(39/85,0,0);
				brickColor = BrickColor.new(39/85,0,0);
				Position = Vector3.new(-34.207069396972656,10.13484001159668,-5.270208835601807);
				Orientation = Vector3.new(-15,60,-150);
				Material = Enum.Material.Metal;
				Name = "RED";
				Size = Vector3.new(0.7730454206466675,0.4909447431564331,0.7379218339920044);
			};
			Children = {
				{
					ID = 31;
					Type = "WeldConstraint";
					Properties = {
						Part0 = "_R:30_";
						Part1 = "_R:58_";
					};
					Children = {};
				};
			};
		};
		{
			ID = 32;
			Type = "UnionOperation";
			Properties = {
				CanCollide = false;
				Color = Color3.new(1/15,1/15,1/15);
				UsePartColor = true;
				Rotation = Vector3.new(-90,0,-165);
				CFrame = CFrame.new(-34.502166748046875,10.021159172058105,-6.373656749725342,-0.9659196734428406,0.25881966948509216,2.706452164602524e-07,4.281050962617883e-07,3.1148911006084745e-08,0.9999995231628418,0.258819580078125,0.9659225344657898,-2.1983069586895e-08);
				brickColor = BrickColor.new(1/15,1/15,1/15);
				Position = Vector3.new(-34.502166748046875,10.021159172058105,-6.373656749725342);
				Orientation = Vector3.new(-89.94400024414062,94.64399719238281,85.83799743652344);
				Material = Enum.Material.DiamondPlate;
				BrickColor = BrickColor.new(1/15,1/15,1/15);
				Size = Vector3.new(0.28000131249427795,1.1399282217025757,0.2800000309944153);
			};
			Children = {
				{
					ID = 33;
					Type = "WeldConstraint";
					Properties = {
						Part0 = "_R:32_";
						Part1 = "_R:58_";
					};
					Children = {};
				};
			};
		};
		{
			ID = 34;
			Type = "UnionOperation";
			Properties = {
				CanCollide = false;
				Color = Color3.new(1/15,1/15,1/15);
				UsePartColor = true;
				Rotation = Vector3.new(64.41600036621094,6.599999904632568,-13.5);
				CFrame = CFrame.new(-34.091209411621094,9.867530822753906,-4.806529998779297,0.9659205675125122,0.23189285397529602,0.11494192481040955,-9.347477885057742e-07,0.4441084563732147,-0.8959725499153137,-0.25881633162498474,0.8654412031173706,0.42897507548332214);
				brickColor = BrickColor.new(1/15,1/15,1/15);
				Position = Vector3.new(-34.091209411621094,9.867530822753906,-4.806529998779297);
				Orientation = Vector3.new(63.63399887084961,15,0);
				Material = Enum.Material.Metal;
				BrickColor = BrickColor.new(1/15,1/15,1/15);
				Size = Vector3.new(0.14000612497329712,0.1600213199853897,0.05000000074505806);
			};
			Children = {
				{
					ID = 35;
					Type = "WeldConstraint";
					Properties = {
						Part0 = "_R:34_";
						Part1 = "_R:58_";
					};
					Children = {};
				};
			};
		};
		{
			ID = 36;
			Type = "UnionOperation";
			Properties = {
				CanCollide = false;
				Color = Color3.new(1/15,1/15,1/15);
				UsePartColor = true;
				Rotation = Vector3.new(-90,0,-165);
				CFrame = CFrame.new(-34.574649810791016,10.021156311035156,-6.644161224365234,-0.9659196734428406,0.25881966948509216,2.706452164602524e-07,4.281050962617883e-07,3.1148911006084745e-08,0.9999995231628418,0.258819580078125,0.9659225344657898,-2.1983069586895e-08);
				brickColor = BrickColor.new(1/15,1/15,1/15);
				Position = Vector3.new(-34.574649810791016,10.021156311035156,-6.644161224365234);
				Orientation = Vector3.new(-89.94400024414062,94.64399719238281,85.83799743652344);
				Material = Enum.Material.Metal;
				BrickColor = BrickColor.new(1/15,1/15,1/15);
				Size = Vector3.new(0.3010002374649048,0.25996559858322144,0.30100002884864807);
			};
			Children = {
				{
					ID = 37;
					Type = "WeldConstraint";
					Properties = {
						Part0 = "_R:36_";
						Part1 = "_R:58_";
					};
					Children = {};
				};
			};
		};
		{
			ID = 38;
			Type = "UnionOperation";
			Properties = {
				CanCollide = false;
				Color = Color3.new(1/15,1/15,1/15);
				UsePartColor = true;
				Rotation = Vector3.new(-90,0,-165);
				CFrame = CFrame.new(-34.65745544433594,10.021150588989258,-6.953117847442627,-0.9659196734428406,0.25881966948509216,-2.9559640779552865e-07,1.896848687010788e-07,0.0000013291436289364356,0.9999995231628418,0.258819580078125,0.9659225344657898,-0.0000012140382068537292);
				brickColor = BrickColor.new(1/15,1/15,1/15);
				Position = Vector3.new(-34.65745544433594,10.021150588989258,-6.953117847442627);
				Orientation = Vector3.new(-89.94400024414062,-166.3159942626953,8.121999740600586);
				Material = Enum.Material.DiamondPlate;
				BrickColor = BrickColor.new(1/15,1/15,1/15);
				Size = Vector3.new(0.31499993801116943,0.4200262427330017,0.3149999976158142);
			};
			Children = {
				{
					ID = 39;
					Type = "WeldConstraint";
					Properties = {
						Part0 = "_R:38_";
						Part1 = "_R:58_";
					};
					Children = {};
				};
			};
		};
		{
			ID = 40;
			Type = "UnionOperation";
			Properties = {
				CanCollide = false;
				Color = Color3.new(1/15,1/15,1/15);
				UsePartColor = true;
				Rotation = Vector3.new(-90,0,-165);
				CFrame = CFrame.new(-34.3727912902832,10.021156311035156,-5.8907575607299805,-0.9659196734428406,0.25881966948509216,2.706452164602524e-07,4.281050962617883e-07,3.1148911006084745e-08,0.9999995231628418,0.258819580078125,0.9659225344657898,-2.1983069586895e-08);
				brickColor = BrickColor.new(1/15,1/15,1/15);
				Position = Vector3.new(-34.3727912902832,10.021156311035156,-5.8907575607299805);
				Orientation = Vector3.new(-89.94400024414062,94.64399719238281,85.83799743652344);
				Material = Enum.Material.Metal;
				BrickColor = BrickColor.new(1/15,1/15,1/15);
				Size = Vector3.new(0.3010002374649048,0.2599884867668152,0.30100002884864807);
			};
			Children = {
				{
					ID = 41;
					Type = "WeldConstraint";
					Properties = {
						Part0 = "_R:40_";
						Part1 = "_R:58_";
					};
					Children = {};
				};
			};
		};
		{
			ID = 42;
			Type = "UnionOperation";
			Properties = {
				CanCollide = false;
				Color = Color3.new(1/15,1/15,1/15);
				UsePartColor = true;
				Rotation = Vector3.new(-64.41600036621094,6.599999904632568,-166.5);
				CFrame = CFrame.new(-34.08784103393555,10.166085243225098,-4.807504653930664,-0.9659194946289062,0.23189568519592285,0.11494502425193787,9.347475042886799e-07,-0.4441084563732147,0.8959726095199585,0.25882023572921753,0.8654405474662781,0.4289743900299072);
				brickColor = BrickColor.new(1/15,1/15,1/15);
				Position = Vector3.new(-34.08784103393555,10.166085243225098,-4.807504653930664);
				Orientation = Vector3.new(-63.63399887084961,15,180);
				Material = Enum.Material.Metal;
				BrickColor = BrickColor.new(1/15,1/15,1/15);
				Size = Vector3.new(0.13996034860610962,0.16002652049064636,0.05000000074505806);
			};
			Children = {
				{
					ID = 43;
					Type = "WeldConstraint";
					Properties = {
						Part0 = "_R:42_";
						Part1 = "_R:58_";
					};
					Children = {};
				};
			};
		};
		{
			ID = 44;
			Type = "UnionOperation";
			Properties = {
				CanCollide = false;
				Color = Color3.new(1/15,1/15,1/15);
				UsePartColor = true;
				Rotation = Vector3.new(-90,0,-165);
				CFrame = CFrame.new(-34.63739013671875,10.021150588989258,-6.8781633377075195,-0.9659196734428406,0.25881966948509216,2.706452164602524e-07,4.281050962617883e-07,3.1148911006084745e-08,0.9999995231628418,0.258819580078125,0.9659225344657898,-2.1983069586895e-08);
				brickColor = BrickColor.new(1/15,1/15,1/15);
				Position = Vector3.new(-34.63739013671875,10.021150588989258,-6.8781633377075195);
				Orientation = Vector3.new(-89.94400024414062,94.64399719238281,85.83799743652344);
				Material = Enum.Material.Metal;
				BrickColor = BrickColor.new(1/15,1/15,1/15);
				Size = Vector3.new(0.3500000238418579,0.15512241423130035,0.3500000238418579);
			};
			Children = {
				{
					ID = 45;
					Type = "WeldConstraint";
					Properties = {
						Part0 = "_R:44_";
						Part1 = "_R:58_";
					};
					Children = {};
				};
			};
		};
		{
			ID = 46;
			Type = "UnionOperation";
			Properties = {
				CanCollide = false;
				Color = Color3.new(1/15,1/15,1/15);
				UsePartColor = true;
				Rotation = Vector3.new(-90,0,-165);
				CFrame = CFrame.new(-34.47371292114258,10.021159172058105,-6.267333507537842,-0.9659196734428406,0.25881966948509216,2.706452164602524e-07,4.281050962617883e-07,3.1148911006084745e-08,0.9999995231628418,0.258819580078125,0.9659225344657898,-2.1983069586895e-08);
				brickColor = BrickColor.new(1/15,1/15,1/15);
				Position = Vector3.new(-34.47371292114258,10.021159172058105,-6.267333507537842);
				Orientation = Vector3.new(-89.94400024414062,94.64399719238281,85.83799743652344);
				Material = Enum.Material.Metal;
				BrickColor = BrickColor.new(1/15,1/15,1/15);
				Size = Vector3.new(0.30100032687187195,0.3399674594402313,0.30100002884864807);
			};
			Children = {
				{
					ID = 47;
					Type = "WeldConstraint";
					Properties = {
						Part0 = "_R:46_";
						Part1 = "_R:58_";
					};
					Children = {};
				};
			};
		};
		{
			ID = 48;
			Type = "UnionOperation";
			Properties = {
				CanCollide = false;
				Color = Color3.new(1/15,1/15,1/15);
				UsePartColor = true;
				CFrame = CFrame.new(-34.203285217285156,10.021159172058105,-5.025525093078613,0.11919732391834259,0.9928647875785828,7.351547992584528e-08,-2.3532085435817862e-07,-1.815694758988684e-07,0.9999995231628418,0.9928675889968872,-0.11919687688350677,3.3090645956690423e-07);
				Rotation = Vector3.new(-90,0,-83.15399932861328);
				BrickColor = BrickColor.new(1/15,1/15,1/15);
				brickColor = BrickColor.new(1/15,1/15,1/15);
				Position = Vector3.new(-34.203285217285156,10.021159172058105,-5.025525093078613);
				Orientation = Vector3.new(-89.94400024414062,12.526000022888184,-127.65299987792969);
				Material = Enum.Material.DiamondPlate;
				Name = "blade holder inner";
				Size = Vector3.new(0.9423960447311401,0.6190026998519897,0.24500073492527008);
			};
			Children = {
				{
					ID = 49;
					Type = "WeldConstraint";
					Properties = {
						Part0 = "_R:48_";
						Part1 = "_R:58_";
					};
					Children = {};
				};
			};
		};
		{
			ID = 50;
			Type = "UnionOperation";
			Properties = {
				CanCollide = false;
				Color = Color3.new(1/15,1/15,1/15);
				UsePartColor = true;
				CFrame = CFrame.new(-34.281471252441406,10.021163940429688,-5.511354446411133,-0.25881871581077576,-0.9659199118614197,7.957547865089509e-08,1.2040574404181825e-07,1.896847692250958e-07,0.9999995231628418,-0.9659227728843689,0.2588186264038086,1.8611515884003893e-07);
				Rotation = Vector3.new(-90,0,105);
				BrickColor = BrickColor.new(1/15,1/15,1/15);
				brickColor = BrickColor.new(1/15,1/15,1/15);
				Position = Vector3.new(-34.281471252441406,10.021163940429688,-5.511354446411133);
				Orientation = Vector3.new(-89.94400024414062,23.149999618530273,32.40599822998047);
				Material = Enum.Material.DiamondPlate;
				Name = "handle bar";
				Size = Vector3.new(0.2800000309944153,1.5,0.24500000476837158);
			};
			Children = {
				{
					ID = 51;
					Type = "WeldConstraint";
					Properties = {
						Part0 = "_R:50_";
						Part1 = "_R:58_";
					};
					Children = {};
				};
			};
		};
		{
			ID = 52;
			Type = "UnionOperation";
			Properties = {
				CanCollide = false;
				Color = Color3.new(1/15,1/15,1/15);
				UsePartColor = true;
				CFrame = CFrame.new(-33.415496826171875,10.021151542663574,-5.669557571411133,0.36809152364730835,-0.58717942237854,0.720914363861084,0.5208703279495239,-0.5120464563369751,-0.6830092668533325,0.7701933979988098,0.6269143223762512,0.11736521124839783);
				Rotation = Vector3.new(80.25,46.130001068115234,57.91699981689453);
				BrickColor = BrickColor.new(1/15,1/15,1/15);
				brickColor = BrickColor.new(1/15,1/15,1/15);
				Position = Vector3.new(-33.415496826171875,10.021151542663574,-5.669557571411133);
				Orientation = Vector3.new(43.07899856567383,80.75299835205078,134.51100158691406);
				Material = Enum.Material.DiamondPlate;
				Name = "handle bar 3";
				Size = Vector3.new(0.39513957500457764,0.25094473361968994,0.37718626856803894);
			};
			Children = {
				{
					ID = 53;
					Type = "WeldConstraint";
					Properties = {
						Part0 = "_R:52_";
						Part1 = "_R:58_";
					};
					Children = {};
				};
			};
		};
		{
			ID = 54;
			Type = "UnionOperation";
			Properties = {
				CanCollide = false;
				Color = Color3.new(1/15,1/15,1/15);
				UsePartColor = true;
				CFrame = CFrame.new(-34.221763610839844,10.021063804626465,-5.242802619934082,-0.00000883606571733253,-0.8801270127296448,-0.4747263789176941,-0.9999995231628418,0.0000013511704537449987,0.00001639190304558724,-0.000013904475054005161,0.47472700476646423,-0.8801296949386597);
				Rotation = Vector3.new(-179.99899291992188,-28.341999053955078,90.0009994506836);
				BrickColor = BrickColor.new(1/15,1/15,1/15);
				brickColor = BrickColor.new(1/15,1/15,1/15);
				Position = Vector3.new(-34.221763610839844,10.021063804626465,-5.242802619934082);
				Orientation = Vector3.new(-0.0010000000474974513,-151.6580047607422,-90);
				Material = Enum.Material.Metal;
				Name = "outer blade holder";
				Size = Vector3.new(0.24316373467445374,0.8381764888763428,0.3999840021133423);
			};
			Children = {
				{
					ID = 55;
					Type = "WeldConstraint";
					Properties = {
						Part0 = "_R:54_";
						Part1 = "_R:58_";
					};
					Children = {};
				};
			};
		};
		{
			ID = 56;
			Type = "UnionOperation";
			Properties = {
				CanCollide = false;
				Color = Color3.new(1/15,1/15,1/15);
				UsePartColor = true;
				CFrame = CFrame.new(-34.10051727294922,10.023876190185547,-4.773330211639404,0.600257396697998,0.5285494923591614,0.6002624034881592,-0.7071085572242737,-0.0000020439176751096966,0.7071043252944946,0.3737425208091736,-0.8488975763320923,0.37374240159988403);
				Rotation = Vector3.new(-62.14099884033203,36.888999938964844,-41.3650016784668);
				BrickColor = BrickColor.new(1/15,1/15,1/15);
				brickColor = BrickColor.new(1/15,1/15,1/15);
				Position = Vector3.new(-34.10051727294922,10.023876190185547,-4.773330211639404);
				Orientation = Vector3.new(-45,58.09199905395508,-90);
				Material = Enum.Material.Metal;
				Name = "parry bar outer";
				Size = Vector3.new(1.0373802185058594,1.5387669801712036,1.0312726497650146);
			};
			Children = {
				{
					ID = 57;
					Type = "WeldConstraint";
					Properties = {
						Part0 = "_R:56_";
						Part1 = "_R:58_";
					};
					Children = {};
				};
			};
		};
		{
			ID = 58;
			Type = "Part";
			Properties = {
				Color = Color3.new(1/15,1/15,1/15);
				CFrame = CFrame.new(-34.522674560546875,10.021138191223145,-6.38333797454834,-1.0443087461453615e-07,0.25881704688072205,0.9659203886985779,0.9999995231628418,-7.569042281829752e-08,-1.1167912816745229e-08,1.89127149496926e-07,0.9659232497215271,-0.2588169574737549);
				RightSurface = Enum.SurfaceType.SmoothNoOutlines;
				Locked = true;
				Size = Vector3.new(0.30000007152557373,1.140000343322754,0.3400000333786011);
				FormFactor = Enum.FormFactor.Custom;
				BackSurface = Enum.SurfaceType.SmoothNoOutlines;
				BottomSurface = Enum.SurfaceType.SmoothNoOutlines;
				CanCollide = false;
				BrickColor = BrickColor.new(1/15,1/15,1/15);
				LeftSurface = Enum.SurfaceType.SmoothNoOutlines;
				Rotation = Vector3.new(180,74.9990005493164,-90);
				Transparency = 1;
				Name = "Handle";
				Position = Vector3.new(-34.522674560546875,10.021138191223145,-6.38333797454834);
				Orientation = Vector3.new(0,105,90);
				FrontSurface = Enum.SurfaceType.SmoothNoOutlines;
				brickColor = BrickColor.new(1/15,1/15,1/15);
				TopSurface = Enum.SurfaceType.SmoothNoOutlines;
			};
			Children = {};
		};
		{
			ID = 59;
			Type = "Part";
			Properties = {
				Color = Color3.new(39/85,0,0);
				CFrame = CFrame.new(-33.52742004394531,10.031135559082031,-2.6589066982269287,0.25881752371788025,-0.9659202694892883,-2.5790683366722078e-08,8.74033290187981e-08,1.8968468395996751e-07,-0.9999995231628418,0.9659231305122375,0.2588174343109131,1.4612240306632884e-08);
				RightSurface = Enum.SurfaceType.SmoothNoOutlines;
				Locked = true;
				Material = Enum.Material.SmoothPlastic;
				Size = Vector3.new(1.5300002098083496,0.20000000298023224,0.20000000298023224);
				FormFactor = Enum.FormFactor.Custom;
				BackSurface = Enum.SurfaceType.SmoothNoOutlines;
				BottomSurface = Enum.SurfaceType.SmoothNoOutlines;
				CanCollide = false;
				BrickColor = BrickColor.new(39/85,0,0);
				LeftSurface = Enum.SurfaceType.SmoothNoOutlines;
				Rotation = Vector3.new(90,0,75);
				Transparency = 1;
				brickColor = BrickColor.new(39/85,0,0);
				Position = Vector3.new(-33.52742004394531,10.031135559082031,-2.6589066982269287);
				Orientation = Vector3.new(89.94400024414062,-60.46500015258789,24.73900032043457);
				FrontSurface = Enum.SurfaceType.SmoothNoOutlines;
				Name = "RED";
				TopSurface = Enum.SurfaceType.SmoothNoOutlines;
			};
			Children = {
				{
					ID = 60;
					Type = "ParticleEmitter";
					Properties = {
						VelocitySpread = 120;
						Texture = "http://www.roblox.com/asset/?id=248376121";
						Color = ColorSequence.new({ColorSequenceKeypoint.new(0,Color3.new(20/51,0,0)),ColorSequenceKeypoint.new(1,Color3.new(20/51,0,0))});
						LockedToPart = true;
						ZOffset = 0.05000000074505806;
						LightEmission = 3;
						EmissionDirection = Enum.NormalId.Right;
						Transparency = NumberSequence.new({NumberSequenceKeypoint.new(0,0.9125000238418579,0),NumberSequenceKeypoint.new(0.4052369296550751,0.9624999761581421,0),NumberSequenceKeypoint.new(1,1,0)});
						Name = "P";
						Lifetime = NumberRange.new(0.4000000059604645,2.700000047683716);
						Speed = NumberRange.new(0.10000000149011612,0.30000001192092896);
						SpreadAngle = Vector2.new(120,120);
						Rate = 110;
						Size = NumberSequence.new({NumberSequenceKeypoint.new(0,0.44999998807907104,0),NumberSequenceKeypoint.new(1,0.44999998807907104,0)});
					};
					Children = {};
				};
				{
					ID = 61;
					Type = "WeldConstraint";
					Properties = {
						Part0 = "_R:59_";
						Part1 = "_R:58_";
					};
					Children = {};
				};
			};
		};
		{
			ID = 62;
			Type = "Part";
			Properties = {
				Color = Color3.new(39/85,0,0);
				CFrame = CFrame.new(-33.92341232299805,10.021153450012207,-4.136675834655762,0.25881752371788025,-0.9659202694892883,-2.5790683366722078e-08,8.74033290187981e-08,1.8968468395996751e-07,-0.9999995231628418,0.9659231305122375,0.2588174343109131,1.4612240306632884e-08);
				RightSurface = Enum.SurfaceType.SmoothNoOutlines;
				Locked = true;
				Material = Enum.Material.SmoothPlastic;
				Size = Vector3.new(1.7700002193450928,0.20000000298023224,0.20000000298023224);
				FormFactor = Enum.FormFactor.Custom;
				BackSurface = Enum.SurfaceType.SmoothNoOutlines;
				BottomSurface = Enum.SurfaceType.SmoothNoOutlines;
				CanCollide = false;
				BrickColor = BrickColor.new(39/85,0,0);
				LeftSurface = Enum.SurfaceType.SmoothNoOutlines;
				Rotation = Vector3.new(90,0,75);
				Transparency = 1;
				brickColor = BrickColor.new(39/85,0,0);
				Position = Vector3.new(-33.92341232299805,10.021153450012207,-4.136675834655762);
				Orientation = Vector3.new(89.94400024414062,-60.46500015258789,24.73900032043457);
				FrontSurface = Enum.SurfaceType.SmoothNoOutlines;
				Name = "RED";
				TopSurface = Enum.SurfaceType.SmoothNoOutlines;
			};
			Children = {
				{
					ID = 63;
					Type = "ParticleEmitter";
					Properties = {
						VelocitySpread = 250;
						Texture = "http://www.roblox.com/asset/?id=248376121";
						Color = ColorSequence.new({ColorSequenceKeypoint.new(0,Color3.new(20/51,0,0)),ColorSequenceKeypoint.new(1,Color3.new(20/51,0,0))});
						LockedToPart = true;
						ZOffset = 0.07999999821186066;
						LightEmission = 3;
						EmissionDirection = Enum.NormalId.Right;
						Transparency = NumberSequence.new({NumberSequenceKeypoint.new(0,0.8812500238418579,0),NumberSequenceKeypoint.new(0.4039900302886963,0.949999988079071,0),NumberSequenceKeypoint.new(1,1,0)});
						Name = "P";
						Lifetime = NumberRange.new(0.4000000059604645,2.700000047683716);
						Speed = NumberRange.new(0.10000000149011612,0.30000001192092896);
						SpreadAngle = Vector2.new(250,250);
						Rate = 120;
						Size = NumberSequence.new({NumberSequenceKeypoint.new(0,0.5,0),NumberSequenceKeypoint.new(1,0.5,0)});
					};
					Children = {};
				};
				{
					ID = 64;
					Type = "WeldConstraint";
					Properties = {
						Part0 = "_R:62_";
						Part1 = "_R:58_";
					};
					Children = {};
				};
			};
		};
		{
			ID = 65;
			Type = "Part";
			Properties = {
				Color = Color3.new(39/85,0,0);
				CFrame = CFrame.new(-33.28281021118164,10.021138191223145,-1.7460112571716309,0.25881752371788025,-0.9659202694892883,-2.5790683366722078e-08,8.74033290187981e-08,1.8968468395996751e-07,-0.9999995231628418,0.9659231305122375,0.2588174343109131,1.4612240306632884e-08);
				RightSurface = Enum.SurfaceType.SmoothNoOutlines;
				Locked = true;
				Material = Enum.Material.SmoothPlastic;
				Size = Vector3.new(1.0800001621246338,0.20000000298023224,0.20000000298023224);
				FormFactor = Enum.FormFactor.Custom;
				BackSurface = Enum.SurfaceType.SmoothNoOutlines;
				BottomSurface = Enum.SurfaceType.SmoothNoOutlines;
				CanCollide = false;
				BrickColor = BrickColor.new(39/85,0,0);
				LeftSurface = Enum.SurfaceType.SmoothNoOutlines;
				Rotation = Vector3.new(90,0,75);
				Transparency = 1;
				brickColor = BrickColor.new(39/85,0,0);
				Position = Vector3.new(-33.28281021118164,10.021138191223145,-1.7460112571716309);
				Orientation = Vector3.new(89.94400024414062,-60.46500015258789,24.73900032043457);
				FrontSurface = Enum.SurfaceType.SmoothNoOutlines;
				Name = "RED";
				TopSurface = Enum.SurfaceType.SmoothNoOutlines;
			};
			Children = {
				{
					ID = 66;
					Type = "ParticleEmitter";
					Properties = {
						VelocitySpread = 60;
						Texture = "http://www.roblox.com/asset/?id=248376121";
						Color = ColorSequence.new({ColorSequenceKeypoint.new(0,Color3.new(20/51,0,0)),ColorSequenceKeypoint.new(1,Color3.new(20/51,0,0))});
						LockedToPart = true;
						ZOffset = 0.019999999552965164;
						LightEmission = 3;
						EmissionDirection = Enum.NormalId.Right;
						Transparency = NumberSequence.new({NumberSequenceKeypoint.new(0,0.8374999761581421,0),NumberSequenceKeypoint.new(0.4027431607246399,0.9375,0),NumberSequenceKeypoint.new(1,1,0)});
						Name = "P";
						Lifetime = NumberRange.new(0.4000000059604645,2.700000047683716);
						Speed = NumberRange.new(0.10000000149011612,0.30000001192092896);
						SpreadAngle = Vector2.new(60,60);
						Rate = 100;
						Size = NumberSequence.new({NumberSequenceKeypoint.new(0,0.30000001192092896,0),NumberSequenceKeypoint.new(1,0.30000001192092896,0)});
					};
					Children = {};
				};
				{
					ID = 67;
					Type = "WeldConstraint";
					Properties = {
						Part0 = "_R:65_";
						Part1 = "_R:58_";
					};
					Children = {};
				};
			};
		};
		{
			ID = 68;
			Type = "Part";
			Properties = {
				Color = Color3.new(39/85,0,0);
				CFrame = CFrame.new(-33.558563232421875,10.021110534667969,-3.7810235023498535,0.000010567149729467928,-0.9659196138381958,-0.25881993770599365,-0.9999995231628418,-0.000015138403796299826,0.00001618942042114213,-0.000019674760551424697,0.2588198482990265,-0.965922474861145);
				RightSurface = Enum.SurfaceType.SmoothNoOutlines;
				Locked = true;
				Material = Enum.Material.Metal;
				Size = Vector3.new(0.20000000298023224,0.30000001192092896,0.20000000298023224);
				FormFactor = Enum.FormFactor.Custom;
				BackSurface = Enum.SurfaceType.SmoothNoOutlines;
				BottomSurface = Enum.SurfaceType.SmoothNoOutlines;
				CanCollide = false;
				LeftSurface = Enum.SurfaceType.SmoothNoOutlines;
				Rotation = Vector3.new(-179.99899291992188,-15,89.9990005493164);
				BrickColor = BrickColor.new(39/85,0,0);
				Name = "RED";
				Position = Vector3.new(-33.558563232421875,10.021110534667969,-3.7810235023498535);
				Orientation = Vector3.new(-0.0010000000474974513,-165,-90.0009994506836);
				FrontSurface = Enum.SurfaceType.SmoothNoOutlines;
